# Effective potential for degenerate modes near B=1 soliton
# Profile: profile_B1.dat, rho0=1.000, e=2.000, c4=0.500000
# Columns: r  VP_gamma  VP_alpha  VJ_gamma  VJ_alpha  E4_density
# VP_gamma: P-mode mass potential (g=1,g'=0)
# VP_alpha: P-mode kinetic coupling (g=0,g'=1)
# VJ_gamma: J-mode mass potential (g=1,g'=0)
# VJ_alpha: J-mode kinetic coupling (g=0,g'=1)
# E4: standard Skyrme energy density (angular avg)
# Radial eq: integral [alpha*g'^2 + gamma*g^2] r^2 dr
  0.030000  1.22799466e+06  1.88136631e+02  2.05299709e+07  6.37516598e+03  3.14509221e+05
  0.090000  8.56174898e+05  1.39654251e+03  1.58402945e+06  4.56407936e+03  2.65799768e+05
  0.150000  4.26358780e+05  2.67761207e+03  7.23131572e+05  2.27448981e+03  1.92831128e+05
  0.210000  1.62783234e+05  3.10432324e+03  5.50000758e+05  7.04327729e+02  1.23149376e+05
  0.270000  5.92937993e+04  2.66949018e+03  3.38214570e+05  7.75018606e+01  7.10710371e+04
  0.330000  3.00488615e+04  1.86753357e+03  1.65794555e+05  1.23340628e+01  3.78226586e+04
  0.390000  2.04781521e+04  1.12234943e+03  7.19090470e+04  1.10773688e+02  1.87761431e+04
  0.450000  1.36383466e+04  6.02717139e+02  3.10299824e+04  1.80444233e+02  8.74143900e+03
  0.510000  7.92653987e+03  2.99434968e+02  1.42716973e+04  1.87631334e+02  3.84120212e+03
  0.570000  4.06408069e+03  1.42267573e+02  6.95397133e+03  1.58122176e+02  1.61593569e+03
  0.630000  1.91614556e+03  6.65803677e+01  3.49429760e+03  1.19345384e+02  6.65203322e+02
  0.690000  8.66469973e+02  3.13923755e+01  1.79532080e+03  8.51731165e+01  2.74226303e+02
  0.750000  3.88169648e+02  1.51303687e+01  9.47256969e+02  5.93206242e+01  1.15299619e+02
  0.810000  1.75954760e+02  7.51273038e+00  5.16071003e+02  4.10631728e+01  5.00110785e+01
  0.870000  8.16775438e+01  3.85508745e+00  2.91016769e+02  2.85419178e+01  2.25035012e+01
  0.930000  3.90549358e+01  2.04513512e+00  1.69797184e+02  2.00290691e+01  1.05222703e+01
  0.990000  1.92777606e+01  1.12041334e+00  1.02303591e+02  1.42279101e+01  5.10961947e+00
  1.050000  9.82354189e+00  6.32720777e-01  6.34833506e+01  1.02421411e+01  2.57230561e+00
  1.110000  5.16238426e+00  3.67549276e-01  4.04621684e+01  7.47291551e+00  1.33943723e+00
  1.170000  2.79324503e+00  2.19162438e-01  2.64200536e+01  5.52470226e+00  7.19669600e-01
  1.230000  1.55330498e+00  1.33868402e-01  1.76317229e+01  4.13625995e+00  3.98031706e-01
  1.290000  8.86114554e-01  8.36038256e-02  1.20013291e+01  3.13398368e+00  2.26097905e-01
  1.350000  5.17641980e-01  5.32909897e-02  8.31657391e+00  2.40141864e+00  1.31633132e-01
  1.410000  3.09130036e-01  3.46157388e-02  5.85794845e+00  1.85957929e+00  7.83967876e-02
  1.470000  1.88427171e-01  2.28804186e-02  4.18816659e+00  1.45425955e+00  4.76812191e-02
  1.530000  1.17060350e-01  1.53696431e-02  3.03560189e+00  1.14781179e+00  2.95689631e-02
  1.590000  7.40230223e-02  1.04801334e-02  2.22810932e+00  9.13778002e-01  1.86704086e-02
  1.650000  4.75873428e-02  7.24629427e-03  1.65455566e+00  7.33349158e-01  1.19880632e-02
  1.710000  3.10675493e-02  5.07572417e-03  1.24196161e+00  5.93005127e-01  7.81849356e-03
  1.770000  2.05768498e-02  3.59864235e-03  9.41641008e-01  4.82924024e-01  5.17397709e-03
  1.830000  1.38137240e-02  2.58046727e-03  7.20635738e-01  3.95898212e-01  3.47091242e-03
  1.890000  9.39162448e-03  1.87011431e-03  5.56329476e-01  3.26587455e-01  2.35834939e-03
  1.950000  6.46156551e-03  1.36888380e-03  4.33004780e-01  2.70998866e-01  1.62173049e-03
  2.010000  4.49571447e-03  1.01143161e-03  3.39608695e-01  2.26121028e-01  1.12783469e-03
  2.070000  3.16115273e-03  7.53950068e-04  2.68281933e-01  1.89664028e-01  7.92729346e-04
  2.130000  2.24503115e-03  5.66720390e-04  2.13377742e-01  1.59872971e-01  5.62803935e-04
  2.190000  1.60951115e-03  4.29355238e-04  1.70799231e-01  1.35393004e-01  4.03369496e-04
  2.250000  1.16424177e-03  3.27720410e-04  1.37546531e-01  1.15170749e-01  2.91704174e-04
  2.310000  8.49315912e-04  2.51918585e-04  1.11403902e-01  9.83817362e-02  2.12751589e-04
  2.370000  6.24577704e-04  1.94953400e-04  9.07213007e-02  8.43765522e-02  1.56424869e-04
  2.430000  4.62831137e-04  1.51834571e-04  7.42603787e-02  7.26405693e-02  1.15895795e-04
  2.490000  3.45475726e-04  1.18972209e-04  6.10848993e-02  6.27636173e-02  8.64962060e-05
  2.550000  2.59670455e-04  9.37628019e-05  5.04820703e-02  5.44169812e-02  6.50045738e-05
  2.610000  1.96471191e-04  7.43035535e-05  4.19055999e-02  4.73358418e-02  4.91777401e-05
  2.670000  1.49595020e-04  5.91935152e-05  3.49341481e-02  4.13057853e-02  3.74404232e-05
  2.730000  1.14592543e-04  4.73939537e-05  2.92407824e-02  3.61523772e-02  2.86773353e-05
  2.790000  8.82883397e-05  3.81295132e-05  2.45703615e-02  3.17330566e-02  2.20927053e-05
  2.850000  6.83993608e-05  3.08177075e-05  2.07226736e-02  2.79308008e-02  1.71145099e-05
  2.910000  5.32724781e-05  2.50182469e-05  1.75397827e-02  2.46491459e-02  1.33286299e-05
  2.970000  4.17025299e-05  2.03963605e-05  1.48964743e-02  2.18082544e-02  1.04332140e-05
  3.030000  3.28051918e-05  1.66960670e-05  1.26929958e-02  1.93417932e-02  8.20680258e-06
  3.090000  2.59274965e-05  1.37205684e-05  1.08495114e-02  1.71944449e-02  6.48589590e-06
  3.150000  2.05844040e-05  1.13177773e-05  9.30184087e-03  1.53199130e-02  5.14905710e-06
  3.210000  1.64135296e-05  9.36957022e-06  7.99816953e-03  1.36793178e-02  4.10556782e-06
  3.270000  1.31426205e-05  7.78376022e-06  6.89649377e-03  1.22399003e-02  3.28727982e-06
  3.330000  1.05660424e-05  6.48806816e-06  5.96262890e-03  1.09739703e-02  2.64272496e-06
  3.390000  8.52767680e-06  5.42557024e-06  5.16864776e-03  9.85805058e-03  2.13283156e-06
  3.450000  6.90840801e-06  4.55124269e-06  4.49165168e-03  8.87217658e-03  1.72779091e-06
  3.510000  5.61691685e-06  3.82932601e-06  3.91279868e-03  7.99932251e-03  1.40475191e-06
  3.570000  4.58286979e-06  3.23130484e-06  3.41653191e-03  7.22492859e-03  1.14611589e-06
  3.630000  3.75185406e-06  2.73435231e-06  2.98996460e-03  6.53651069e-03  9.38268610e-07
  3.690000  3.08159182e-06  2.32012691e-06  2.62238779e-03  5.92333683e-03  7.70632595e-07
  3.750000  2.53909663e-06  1.97383779e-06  2.30487498e-03  5.37615824e-03  6.34955375e-07
  3.810000  2.09852737e-06  1.68351563e-06  2.02996326e-03  4.88698514e-03  5.24772372e-07
  3.870000  1.73956126e-06  1.43944162e-06  1.79139540e-03  4.44889925e-03  4.34999724e-07
  3.930000  1.44615485e-06  1.23369837e-06  1.58391046e-03  4.05589652e-03  3.61624221e-07
  3.990000  1.20559643e-06  1.05981557e-06  1.40307319e-03  3.70275490e-03  3.01466184e-07
  4.050000  1.00777824e-06  9.12489130e-07  1.24513465e-03  3.38492281e-03  2.51997369e-07
  4.110000  8.44635342e-07  7.87358059e-07  1.10691802e-03  3.09842488e-03  2.11200558e-07
  4.170000  7.09711194e-07  6.80826336e-07  9.85724573e-04  2.83978207e-03  1.77460873e-07
  4.230000  5.97820063e-07  5.89920394e-07  8.79256337e-04  2.60594375e-03  1.49481322e-07
  4.290000  5.04783759e-07  5.12174651e-07  7.85551982e-04  2.39422993e-03  1.26216930e-07
  4.350000  4.27225539e-07  4.45539307e-07  7.02933753e-04  2.20228188e-03  1.06823185e-07
  4.410000  3.62408245e-07  3.88305827e-07  6.29963320e-04  2.02801993e-03  9.06155493e-08
  4.470000  3.08106723e-07  3.39046550e-07  5.65404986e-04  1.86960729e-03  7.70375413e-08
  4.530000  2.62506948e-07  2.96565608e-07  5.08194938e-04  1.72541890e-03  6.56355070e-08
  4.590000  2.24126001e-07  2.59858912e-07  4.57415492e-04  1.59401473e-03  5.60386022e-08
  4.650000  1.91748400e-07  2.28081446e-07  4.12273468e-04  1.47411660e-03  4.79428666e-08
  4.710000  1.64375272e-07  2.00520469e-07  3.72081985e-04  1.36458828e-03  4.10985128e-08
  4.770000  1.41183673e-07  1.76573489e-07  3.36245111e-04  1.26441817e-03  3.52997502e-08
  4.830000  1.21493927e-07  1.55730121e-07  3.04244883e-04  1.17270429e-03  3.03766176e-08
  4.890000  1.04743336e-07  1.37557109e-07  2.75630306e-04  1.08864126e-03  2.61884062e-08
  4.950000  9.04649480e-08  1.21685919e-07  2.50008020e-04  1.01150894e-03  2.26183522e-08
  5.010000  7.82703839e-08  1.07802456e-07  2.27034360e-04  9.40662507e-04  1.95693393e-08
  5.070000  6.78358909e-08  9.56384974e-08  2.06408581e-04  8.75523841e-04  1.69604129e-08
  5.130000  5.88910016e-08  8.49645699e-08  1.87867078e-04  8.15573915e-04  1.47239428e-08
  5.190000  5.12092832e-08  7.55839850e-08  1.71178440e-04  7.60346177e-04  1.28033101e-08
  5.250000  4.46007738e-08  6.73278539e-08  1.56139204e-04  7.09420720e-04  1.11510161e-08
  5.310000  3.89057850e-08  6.00509036e-08  1.42570218e-04  6.62419159e-04  9.72713168e-09
  5.370000  3.39898107e-08  5.36279606e-08  1.30313503e-04  6.19000119e-04  8.49802495e-09
  5.430000  2.97393367e-08  4.79509892e-08  1.19229551e-04  5.78855259e-04  7.43531291e-09
  5.490000  2.60583825e-08  4.29265923e-08  1.09194998e-04  5.41705756e-04  6.51499690e-09
  5.550000  2.28656432e-08  3.84738988e-08  1.00100605e-04  5.07299205e-04  5.71674779e-09
  5.610000  2.00921204e-08  3.45227740e-08  9.18495119e-05  4.75406863e-04  5.02331362e-09
  5.670000  1.76791557e-08  3.10123008e-08  8.43557228e-05  4.45821211e-04  4.42002788e-09
  5.730000  1.55767945e-08  2.78894894e-08  7.75427907e-05  4.18353792e-04  3.89440040e-09
  5.790000  1.37424226e-08  2.51081776e-08  7.13426721e-05  3.92833283e-04  3.43577633e-09
  5.850000  1.21396271e-08  2.26280938e-08  6.56947293e-05  3.69103784e-04  3.03505137e-09
  5.910000  1.07372428e-08  2.04140555e-08  6.05448598e-05  3.47023288e-04  2.68443343e-09
  5.970000  9.50855426e-09  1.84352844e-08  5.58447353e-05  3.26462323e-04  2.37724289e-09
  6.030000  8.43062394e-09  1.66648181e-08  5.15511360e-05  3.07302736e-04  2.10774481e-09
  6.090000  7.48372827e-09  1.50790063e-08  4.76253672e-05  2.89436599e-04  1.87100782e-09
  6.150000  6.65088167e-09  1.36570772e-08  4.40327472e-05  2.72765239e-04  1.66278511e-09
  6.210000  5.91743506e-09  1.23807633e-08  4.07421576e-05  2.57198367e-04  1.47941411e-09
  6.270000  5.27073621e-09  1.12339802e-08  3.77256477e-05  2.42653289e-04  1.31773146e-09
  6.330000  4.69984210e-09  1.02025483e-08  3.49580857e-05  2.29054209e-04  1.17500119e-09
  6.390000  4.19527493e-09  9.27395177e-09  3.24168519e-05  2.16331590e-04  1.04885367e-09
  6.450000  3.74881472e-09  8.43713111e-09  3.00815667e-05  2.04421590e-04  9.37233738e-10
  6.510000  3.35332295e-09  7.68230191e-09  2.79338510e-05  1.93265545e-04  8.38356630e-10
  6.570000  3.00259207e-09  7.00079830e-09  2.59571140e-05  1.82809510e-04  7.50670355e-10
  6.630000  2.69121724e-09  6.38493650e-09  2.41363649e-05  1.73003838e-04  6.72823604e-10
  6.690000  2.41448654e-09  5.82789615e-09  2.24580459e-05  1.63802805e-04  6.03638321e-10
  6.750000  2.16828705e-09  5.32361681e-09  2.09098844e-05  1.55164270e-04  5.42086213e-10
  6.810000  1.94902438e-09  4.86670763e-09  1.94807610e-05  1.47049362e-04  4.87268624e-10
  6.870000  1.75355349e-09  4.45236848e-09  1.81605922e-05  1.39422205e-04  4.38399249e-10
  6.930000  1.57911933e-09  4.07632085e-09  1.69402264e-05  1.32249659e-04  3.94789286e-10
  6.990000  1.42330568e-09  3.73474740e-09  1.58113502e-05  1.25501096e-04  3.55834646e-10
  7.050000  1.28399107e-09  3.42423894e-09  1.47664059e-05  1.19148186e-04  3.21004935e-10
  7.110000  1.15931079e-09  3.14174784e-09  1.37985168e-05  1.13164708e-04  2.89833948e-10
  7.170000  1.04762397e-09  2.88454718e-09  1.29014207e-05  1.07526378e-04  2.61911450e-10
  7.230000  9.47485192e-10  2.65019465e-09  1.20694111e-05  1.02210692e-04  2.36876069e-10
  7.290000  8.57619860e-10  2.43650095e-09  1.12972830e-05  9.71967803e-05  2.14409140e-10
  7.350000  7.76902831e-10  2.24150175e-09  1.05802860e-05  9.24652772e-05  1.94229365e-10
  7.410000  7.04339885e-10  2.06343308e-09  9.91408066e-06  8.79982031e-05  1.76088178e-10
  7.470000  6.39051604e-10  1.90070946e-09  9.29470050e-06  8.37788540e-05  1.59765716e-10
  7.530000  5.80259348e-10  1.75190469e-09  8.71851706e-06  7.97917019e-05  1.45067311e-10
  7.590000  5.27273034e-10  1.61573474e-09  8.18220877e-06  7.60223039e-05  1.31820434e-10
  7.650000  4.79480479e-10  1.49104262e-09  7.68273288e-06  7.24572185e-05  1.19872035e-10
  7.710000  4.36338097e-10  1.37678499e-09  7.21730008e-06  6.90839290e-05  1.09086212e-10
  7.770000  3.97362760e-10  1.27202022e-09  6.78335168e-06  6.58907736e-05  9.93421792e-11
  7.830000  3.62124687e-10  1.17589784e-09  6.37853896e-06  6.28668809e-05  9.05324866e-11
  7.890000  3.30241206e-10  1.08764910e-09  6.00070447e-06  6.00021109e-05  8.25614635e-11
  7.950000  3.01371292e-10  1.00657859e-09  5.64786523e-06  5.72870009e-05  7.53438508e-11
  8.010000  2.75210766e-10  9.32056772e-10  5.31819739e-06  5.47127155e-05  6.88036015e-11
  8.070000  2.51488086e-10  8.63513329e-10  5.01002245e-06  5.22710008e-05  6.28728279e-11
  8.130000  2.29960636e-10  8.00431216e-10  4.72179467e-06  4.99541422e-05  5.74908742e-11
  8.190000  2.10411467e-10  7.42341346e-10  4.45208974e-06  4.77549257e-05  5.26035016e-11
  8.250000  1.92646422e-10  6.88817845e-10  4.19959441e-06  4.56666020e-05  4.81621694e-11
  8.310000  1.76491599e-10  6.39473801e-10  3.96309714e-06  4.36828534e-05  4.41234012e-11
  8.370000  1.61791118e-10  5.93957464e-10  3.74147953e-06  4.17977635e-05  4.04482257e-11
  8.430000  1.48405140e-10  5.51948828e-10  3.53370862e-06  4.00057893e-05  3.71016824e-11
  8.490000  1.36208122e-10  5.13156580e-10  3.33882975e-06  3.83017347e-05  3.40523846e-11
  8.550000  1.25087268e-10  4.77315352e-10  3.15596018e-06  3.66807272e-05  3.12721328e-11
  8.610000  1.14941159e-10  4.44183252e-10  2.98428321e-06  3.51381951e-05  2.87355716e-11
  8.670000  1.05678538e-10  4.13539652e-10  2.82304281e-06  3.36698475e-05  2.64198863e-11
  8.730000  9.72172327e-11  3.85183189e-10  2.67153875e-06  3.22716549e-05  2.43045333e-11
  8.790000  8.94831964e-11  3.58929972e-10  2.52912214e-06  3.09398320e-05  2.23710005e-11
  8.850000  8.24096581e-11  3.34611962e-10  2.39519133e-06  2.96708211e-05  2.06025948e-11
  8.910000  7.59363653e-11  3.12075515e-10  2.26918821e-06  2.84612771e-05  1.89842528e-11
  8.970000  7.00089100e-11  2.91180067e-10  2.15059479e-06  2.73080537e-05  1.75023723e-11
  9.030000  6.45781282e-11  2.71796940e-10  2.03893005e-06  2.62081900e-05  1.61446619e-11
  9.090000  5.95995649e-11  2.53808278e-10  1.93374710e-06  2.51588988e-05  1.49000078e-11
  9.150000  5.50329964e-11  2.37106067e-10  1.83463056e-06  2.41575551e-05  1.37583539e-11
  9.210000  5.08420035e-11  2.21591263e-10  1.74119415e-06  2.32016857e-05  1.27105950e-11
  9.270000  4.69935906e-11  2.07172997e-10  1.65307847e-06  2.22889600e-05  1.17484823e-11
  9.330000  4.34578447e-11  1.93767852e-10  1.56994896e-06  2.14171802e-05  1.08645374e-11
  9.390000  4.02076308e-11  1.81299213e-10  1.49149408e-06  2.05842735e-05  1.00519764e-11
  9.450000  3.72183178e-11  1.69696674e-10  1.41742356e-06  1.97882840e-05  9.30464133e-12
  9.510000  3.44675346e-11  1.58895502e-10  1.34746682e-06  1.90273655e-05  8.61693945e-12
  9.570000  3.19349500e-11  1.48836150e-10  1.28137156e-06  1.82997748e-05  7.98378786e-12
  9.630000  2.96020759e-11  1.39463810e-10  1.21890238e-06  1.76038653e-05  7.40056443e-12
  9.690000  2.74520900e-11  1.30728014e-10  1.15983958e-06  1.69380809e-05  6.86306357e-12
  9.750000  2.54696772e-11  1.22582266e-10  1.10397800e-06  1.63009510e-05  6.36745643e-12
  9.810000  2.36408863e-11  1.14983710e-10  1.05112602e-06  1.56910848e-05  5.91025516e-12
  9.870000  2.19530015e-11  1.07892822e-10  1.00110452e-06  1.51071668e-05  5.48828076e-12
  9.930000  2.03944262e-11  1.01273139e-10  9.53746068e-07  1.45479522e-05  5.09863406e-12
  9.990000  1.89545790e-11  9.50910014e-11  9.08894055e-07  1.40122629e-05  4.73866967e-12
 10.050000  1.76237994e-11  8.93153256e-11  8.66401943e-07  1.34989833e-05  4.40597245e-12
 10.110000  1.63932630e-11  8.39173928e-11  8.26132561e-07  1.30070568e-05  4.09833624e-12
 10.170000  1.52549045e-11  7.88706575e-11  7.87957460e-07  1.25354823e-05  3.81374472e-12
 10.230000  1.42013490e-11  7.41505715e-11  7.51756308e-07  1.20833110e-05  3.55035413e-12
 10.290000  1.32258490e-11  6.97344241e-11  7.17416338e-07  1.16496435e-05  3.30647758e-12
 10.350000  1.23222281e-11  6.56011951e-11  6.84831825e-07  1.12336268e-05  3.08057096e-12
 10.410000  1.14848296e-11  6.17314207e-11  6.53903616e-07  1.08344516e-05  2.87122008e-12
 10.470000  1.07084704e-11  5.81070706e-11  6.24538682e-07  1.04513501e-05  2.67712913e-12
 10.530000  9.98839876e-12  5.47114352e-11  5.96649712e-07  1.00835935e-05  2.49711019e-12
 10.590000  9.32025637e-12  5.15290227e-11  5.70154727e-07  9.73048964e-06  2.33007365e-12
 10.650000  8.70004386e-12  4.85454641e-11  5.44976730e-07  9.39138139e-06  2.17501967e-12
 10.710000  8.12408942e-12  4.57474269e-11  5.21043376e-07  9.06564431e-06  2.03103029e-12
 10.770000  7.58902043e-12  4.31225349e-11  4.98286669e-07  8.75268502e-06  1.89726235e-12
 10.830000  7.09173760e-12  4.06592953e-11  4.76642676e-07  8.45193950e-06  1.77294101e-12
 10.890000  6.62939151e-12  3.83470314e-11  4.56051265e-07  8.16287143e-06  1.65735391e-12
 10.950000  6.19936124e-12  3.61758209e-11  4.36455859e-07  7.88497077e-06  1.54984582e-12
 11.010000  5.79923502e-12  3.41364389e-11  4.17803208e-07  7.61775224e-06  1.44981378e-12
 11.070000  5.42679245e-12  3.22203058e-11  4.00043178e-07  7.36075409e-06  1.35670271e-12
 11.130000  5.07998852e-12  3.04194391e-11  3.83128551e-07  7.11353678e-06  1.27000134e-12
 11.190000  4.75693885e-12  2.87264091e-11  3.67014844e-07  6.87568183e-06  1.18923856e-12
 11.250000  4.45590634e-12  2.71342982e-11  3.51660133e-07  6.64679069e-06  1.11398010e-12
 11.310000  4.17528900e-12  2.56366631e-11  3.37024898e-07  6.42648373e-06  1.04382547e-12
 11.370000  3.91360880e-12  2.42275002e-11  3.23071868e-07  6.21439919e-06  9.78405151e-13
 11.430000  3.66950149e-12  2.29012138e-11  3.09765887e-07  6.01019229e-06  9.17378077e-13
 11.490000  3.44170734e-12  2.16525863e-11  2.97073781e-07  5.81353438e-06  8.60429315e-13
 11.550000  3.22906267e-12  2.04767512e-11  2.84964237e-07  5.62411203e-06  8.07267941e-13
 11.610000  3.03049204e-12  1.93691677e-11  2.73407690e-07  5.44162633e-06  7.57625096e-13
 11.670000  2.84500121e-12  1.83255977e-11  2.62376220e-07  5.26579210e-06  7.11252217e-13
 11.730000  2.67167063e-12  1.73420841e-11  2.51843446e-07  5.09633721e-06  6.67919415e-13
 11.790000  2.50964948e-12  1.64149313e-11  2.41784439e-07  4.93300193e-06  6.27413985e-13
 11.850000  2.35815025e-12  1.55406861e-11  2.32175635e-07  4.77553830e-06  5.89539045e-13
 11.910000  2.21644372e-12  1.47161217e-11  2.22994753e-07  4.62370954e-06  5.54112293e-13
 11.970000  2.08385442e-12  1.39382211e-11  2.14220717e-07  4.47728948e-06  5.20964860e-13
 12.030000  1.95975643e-12  1.32041630e-11  2.05833589e-07  4.33606208e-06  4.89940260e-13
 12.090000  1.84356948e-12  1.25113082e-11  1.97814500e-07  4.19982087e-06  4.60893432e-13
 12.150000  1.73475550e-12  1.18571867e-11  1.90145590e-07  4.06836854e-06  4.33689853e-13
 12.210000  1.63281531e-12  1.12394870e-11  1.82809945e-07  3.94151646e-06  4.08204727e-13
 12.270000  1.53728565e-12  1.06560445e-11  1.75791547e-07  3.81908426e-06  3.84322242e-13
 12.330000  1.44773648e-12  1.01048318e-11  1.69075222e-07  3.70089942e-06  3.61934884e-13
 12.390000  1.36376840e-12  9.58394945e-12  1.62646587e-07  3.58679695e-06  3.40942805e-13
 12.450000  1.28501039e-12  9.09161757e-12  1.56492013e-07  3.47661896e-06  3.21253248e-13
 12.510000  1.21111764e-12  8.62616747e-12  1.50598575e-07  3.37021435e-06  3.02780008e-13
 12.570000  1.14176958e-12  8.18603449e-12  1.44954016e-07  3.26743849e-06  2.85442947e-13
 12.630000  1.07666812e-12  7.76975106e-12  1.39546711e-07  3.16815294e-06  2.69167539e-13
 12.690000  1.01553593e-12  7.37594023e-12  1.34365626e-07  3.07222509e-06  2.53884454e-13
 12.750000  9.58114955e-13  7.00330980e-12  1.29400292e-07  2.97952796e-06  2.39529174e-13
 12.810000  9.04164951e-13  6.65064670e-12  1.24640769e-07  2.88993990e-06  2.26041639e-13
 12.870000  8.53462210e-13  6.31681189e-12  1.20077619e-07  2.80334435e-06  2.13365924e-13
 12.930000  8.05798349e-13  6.00073552e-12  1.15701877e-07  2.71962961e-06  2.01449931e-13
 12.990000  7.60979196e-13  5.70141247e-12  1.11505028e-07  2.63868861e-06  1.90245116e-13
 13.050000  7.18823763e-13  5.41789820e-12  1.07478979e-07  2.56041871e-06  1.79706234e-13
 13.110000  6.79163300e-13  5.14930484e-12  1.03616038e-07  2.48472146e-06  1.69791097e-13
 13.170000  6.41840416e-13  4.89479761e-12  9.99088942e-08  2.41150249e-06  1.60460355e-13
 13.230000  6.06708271e-13  4.65359141e-12  9.63505935e-08  2.34067124e-06  1.51677300e-13
 13.290000  5.73629826e-13  4.42494770e-12  9.29345229e-08  2.27214083e-06  1.43407672e-13
 13.350000  5.42477152e-13  4.20817156e-12  8.96543911e-08  2.20582790e-06  1.35619488e-13
 13.410000  5.13130784e-13  4.00260895e-12  8.65042114e-08  2.14165245e-06  1.28282881e-13
 13.470000  4.85479132e-13  3.80764416e-12  8.34782860e-08  2.07953765e-06  1.21369955e-13
 13.530000  4.59417931e-13  3.62269742e-12  8.05711906e-08  2.01940979e-06  1.14854642e-13
 13.590000  4.34849728e-13  3.44722267e-12  7.77777605e-08  1.96119804e-06  1.08712580e-13
 13.650000  4.11683417e-13  3.28070547e-12  7.50930765e-08  1.90483439e-06  1.02920991e-13
 13.710000  3.89833794e-13  3.12266109e-12  7.25124531e-08  1.85025352e-06  9.74585753e-14
 13.770000  3.69221157e-13  2.97263264e-12  7.00314255e-08  1.79739266e-06  9.23054070e-14
 13.830000  3.49770929e-13  2.83018940e-12  6.76457390e-08  1.74619149e-06  8.74428416e-14
 13.890000  3.31413308e-13  2.69492523e-12  6.53513380e-08  1.69659205e-06  8.28534286e-14
 13.950000  3.14082944e-13  2.56645708e-12  6.31443558e-08  1.64853860e-06  7.85208303e-14
 14.010000  2.97718637e-13  2.44442358e-12  6.10211051e-08  1.60197759e-06  7.44297468e-14
 14.070000  2.82263059e-13  2.32848376e-12  5.89780691e-08  1.55685749e-06  7.05658462e-14
 14.130000  2.67662496e-13  2.21831580e-12  5.70118928e-08  1.51312877e-06  6.69156997e-14
 14.190000  2.53866604e-13  2.11361594e-12  5.51193749e-08  1.47074378e-06  6.34667213e-14
 14.250000  2.40828186e-13  2.01409733e-12  5.32974602e-08  1.42965666e-06  6.02071118e-14
 14.310000  2.28502985e-13  1.91948911e-12  5.15432324e-08  1.38982332e-06  5.71258071e-14
 14.370000  2.16849490e-13  1.82953541e-12  4.98539070e-08  1.35120130e-06  5.42124290e-14
 14.430000  2.05828752e-13  1.74399449e-12  4.82268252e-08  1.31374975e-06  5.14572407e-14
 14.490000  1.95404224e-13  1.66263791e-12  4.66594475e-08  1.27742935e-06  4.88511049e-14
 14.550000  1.85541594e-13  1.58524976e-12  4.51493479e-08  1.24220222e-06  4.63854442e-14
 14.610000  1.76208651e-13  1.51162593e-12  4.36942083e-08  1.20803192e-06  4.40522053e-14
 14.670000  1.67375142e-13  1.44157341e-12  4.22918137e-08  1.17488332e-06  4.18438250e-14
 14.730000  1.59012646e-13  1.37490968e-12  4.09400467e-08  1.14272260e-06  3.97531983e-14
 14.790000  1.51094460e-13  1.31146208e-12  3.96368831e-08  1.11151719e-06  3.77736494e-14
 14.850000  1.43595489e-13  1.25106727e-12  3.83803873e-08  1.08123570e-06  3.58989041e-14
 14.910000  1.36492138e-13  1.19357066e-12  3.71687082e-08  1.05184787e-06  3.41230643e-14
 14.970000  1.29762225e-13  1.13882595e-12  3.60000754e-08  1.02332456e-06  3.24405839e-14
 15.030000  1.23384884e-13  1.08669466e-12  3.48727949e-08  9.95637654e-07  3.08462470e-14
 15.090000  1.17340490e-13  1.03704564e-12  3.37852458e-08  9.68760075e-07  2.93351467e-14
 15.150000  1.11610573e-13  9.89754726e-13  3.27358768e-08  9.42665700e-07  2.79026657e-14
 15.210000  1.06177751e-13  9.44704297e-13  3.17232031e-08  9.17329343e-07  2.65444588e-14
 15.270000  1.01025662e-13  9.01782930e-13  3.07458031e-08  8.92726715e-07  2.52564351e-14
 15.330000  9.61388988e-14  8.60885051e-13  2.98023156e-08  8.68834384e-07  2.40347430e-14
 15.390000  9.15029509e-14  8.21910610e-13  2.88914369e-08  8.45629749e-07  2.28757548e-14
 15.450000  8.71041497e-14  7.84764777e-13  2.80119184e-08  8.23091004e-07  2.17760534e-14
 15.510000  8.29296161e-14  7.49357651e-13  2.71625638e-08  8.01197104e-07  2.07324189e-14
 15.570000  7.89672127e-14  7.15603994e-13  2.63422267e-08  7.79927742e-07  1.97418171e-14
 15.630000  7.52054986e-14  6.83422970e-13  2.55498086e-08  7.59263318e-07  1.88013877e-14
 15.690000  7.16336869e-14  6.52737908e-13  2.47842566e-08  7.39184910e-07  1.79084339e-14
 15.750000  6.82416054e-14  6.23476074e-13  2.40445613e-08  7.19674249e-07  1.70604127e-14
 15.810000  6.50196592e-14  5.95568458e-13  2.33297549e-08  7.00713698e-07  1.62549254e-14
 15.870000  6.19587965e-14  5.68949575e-13  2.26389092e-08  6.82286222e-07  1.54897090e-14
 15.930000  5.90504757e-14  5.43557269e-13  2.19711340e-08  6.64375371e-07  1.47626282e-14
 15.990000  5.62866353e-14  5.19332540e-13  2.13255755e-08  6.46965254e-07  1.40716675e-14
 16.050000  5.36596650e-14  4.96219373e-13  2.07014143e-08  6.30040519e-07  1.34149244e-14
 16.110000  5.11623793e-14  4.74164577e-13  2.00978643e-08  6.13586335e-07  1.27906024e-14
 16.170000  4.87879924e-14  4.53117636e-13  1.95141710e-08  5.97588368e-07  1.21970052e-14
 16.230000  4.65300944e-14  4.33030570e-13  1.89496102e-08  5.82032770e-07  1.16325302e-14
 16.290000  4.43826298e-14  4.13857796e-13  1.84034867e-08  5.66906153e-07  1.10956637e-14
 16.350000  4.23398762e-14  3.95556003e-13  1.78751328e-08  5.52195577e-07  1.05849749e-14
 16.410000  4.03964254e-14  3.78084035e-13  1.73639077e-08  5.37888532e-07  1.00991118e-14
 16.470000  3.85471648e-14  3.61402777e-13  1.68691955e-08  5.23972924e-07  9.63679630e-15
 16.530000  3.67872607e-14  3.45475045e-13  1.63904049e-08  5.10437056e-07  9.19681994e-15
 16.590000  3.51121418e-14  3.30265492e-13  1.59269677e-08  4.97269619e-07  8.77803992e-15
 16.650000  3.35174845e-14  3.15740506e-13  1.54783379e-08  4.84459672e-07  8.37937531e-15
 16.710000  3.19991985e-14  3.01868124e-13  1.50439908e-08  4.71996635e-07  7.99980354e-15
 16.770000  3.05534136e-14  2.88617947e-13  1.46234221e-08  4.59870269e-07  7.63835707e-15
 16.830000  2.91764671e-14  2.75961057e-13  1.42161472e-08  4.48070671e-07  7.29412022e-15
 16.890000  2.78648922e-14  2.63869943e-13  1.38216999e-08  4.36588258e-07  6.96622627e-15
 16.950000  2.66154066e-14  2.52318429e-13  1.34396321e-08  4.25413755e-07  6.65385469e-15
 17.010000  2.54249027e-14  2.41281606e-13  1.30695128e-08  4.14538186e-07  6.35622851e-15
 17.070000  2.42904370e-14  2.30735764e-13  1.27109276e-08  4.03952863e-07  6.07261192e-15
 17.130000  2.32092218e-14  2.20658338e-13  1.23634776e-08  3.93649375e-07  5.80230794e-15
 17.190000  2.21786156e-14  2.11027843e-13  1.20267793e-08  3.83619580e-07  5.54465624e-15
 17.250000  2.11961159e-14  2.01823825e-13  1.17004635e-08  3.73855595e-07  5.29903116e-15
 17.310000  2.02593507e-14  1.93026807e-13  1.13841750e-08  3.64349785e-07  5.06483973e-15
 17.370000  1.93660718e-14  1.84618238e-13  1.10775720e-08  3.55094756e-07  4.84151988e-15
 17.430000  1.85141478e-14  1.76580450e-13  1.07803252e-08  3.46083347e-07  4.62853876e-15
 17.490000  1.77015577e-14  1.68896612e-13  1.04921178e-08  3.37308623e-07  4.42539113e-15
 17.550000  1.69263849e-14  1.61550690e-13  1.02126449e-08  3.28763864e-07  4.23159783e-15
 17.610000  1.61868115e-14  1.54527406e-13  9.94161256e-09  3.20442560e-07  4.04670437e-15
 17.670000  1.54811128e-14  1.47812199e-13  9.67873788e-09  3.12338403e-07  3.87027959e-15
 17.730000  1.48076524e-14  1.41391195e-13  9.42374832e-09  3.04445281e-07  3.70191442e-15
 17.790000  1.41648776e-14  1.35251168e-13  9.17638135e-09  2.96757270e-07  3.54122063e-15
 17.850000  1.35513144e-14  1.29379509e-13  8.93638399e-09  2.89268628e-07  3.38782975e-15
 17.910000  1.29655637e-14  1.23764199e-13  8.70351251e-09  2.81973791e-07  3.24139200e-15
 17.970000  1.24062971e-14  1.18393778e-13  8.47753201e-09  2.74867364e-07  3.10157530e-15
 18.030000  1.18722533e-14  1.13257316e-13  8.25821607e-09  2.67944116e-07  2.96806430e-15
 18.090000  1.13622344e-14  1.08344390e-13  8.04534646e-09  2.61198976e-07  2.84055949e-15
 18.150000  1.08751023e-14  1.03645059e-13  7.83871276e-09  2.54627026e-07  2.71877642e-15
 18.210000  1.04097760e-14  9.91498401e-14  7.63811211e-09  2.48223498e-07  2.60244480e-15
 18.270000  9.96522844e-15  9.48496858e-14  7.44334889e-09  2.41983767e-07  2.49130786e-15
 18.330000  9.54048340e-15  9.07359647e-14  7.25423442e-09  2.35903346e-07  2.38512155e-15
 18.390000  9.13461313e-15  8.68004403e-14  7.07058673e-09  2.29977883e-07  2.28365394e-15
 18.450000  8.74673572e-15  8.30352527e-14  6.89223029e-09  2.24203158e-07  2.18668455e-15
 18.510000  8.37601271e-15  7.94329002e-14  6.71899572e-09  2.18575074e-07  2.09400376e-15
 18.570000  8.02164683e-15  7.59862226e-14  6.55071963e-09  2.13089657e-07  2.00541225e-15
 18.630000  7.68287986e-15  7.26883850e-14  6.38724432e-09  2.07743051e-07  1.92072048e-15
 18.690000  7.35899063e-15  6.95328620e-14  6.22841762e-09  2.02531512e-07  1.83974814e-15
 18.750000  7.04929310e-15  6.65134235e-14  6.07409263e-09  1.97451408e-07  1.76232373e-15
 18.810000  6.75313459e-15  6.36241207e-14  5.92412756e-09  1.92499213e-07  1.68828407e-15
 18.870000  6.46989400e-15  6.08592725e-14  5.77838552e-09  1.87671506e-07  1.61747390e-15
 18.930000  6.19898027e-15  5.82134535e-14  5.63673433e-09  1.82964963e-07  1.54974544e-15
 18.990000  5.93983080e-15  5.56814816e-14  5.49904635e-09  1.78376358e-07  1.48495805e-15
 19.050000  5.69191004e-15  5.32584068e-14  5.36519832e-09  1.73902560e-07  1.42297784e-15
 19.110000  5.45470811e-15  5.09395005e-14  5.23507119e-09  1.69540526e-07  1.36367734e-15
 19.170000  5.22773949e-15  4.87202450e-14  5.10854995e-09  1.65287303e-07  1.30693517e-15
 19.230000  5.01054179e-15  4.65963237e-14  4.98552350e-09  1.61140022e-07  1.25263572e-15
 19.290000  4.80267464e-15  4.45636121e-14  4.86588450e-09  1.57095897e-07  1.20066892e-15
 19.350000  4.60371852e-15  4.26181686e-14  4.74952922e-09  1.53152222e-07  1.15092987e-15
 19.410000  4.41327376e-15  4.07562261e-14  4.63635742e-09  1.49306367e-07  1.10331867e-15
 19.470000  4.23095953e-15  3.89741844e-14  4.52627223e-09  1.45555779e-07  1.05774010e-15
 19.530000  4.05641293e-15  3.72686018e-14  4.41918000e-09  1.41897974e-07  1.01410344e-15
 19.590000  3.88928808e-15  3.56361886e-14  4.31499021e-09  1.38330542e-07  9.72322211e-16
 19.650000  3.72925529e-15  3.40737996e-14  4.21361534e-09  1.34851139e-07  9.32314002e-16
 19.710000  3.57600025e-15  3.25784278e-14  4.11497078e-09  1.31457488e-07  8.94000231e-16
 19.770000  3.42922329e-15  3.11471981e-14  4.01897470e-09  1.28147377e-07  8.57305982e-16
 19.830000  3.28863867e-15  2.97773612e-14  3.92554797e-09  1.24918652e-07  8.22159816e-16
 19.890000  3.15397386e-15  2.84662880e-14  3.83461404e-09  1.21769224e-07  7.88493605e-16
 19.950000  3.02496894e-15  2.72114641e-14  3.74609889e-09  1.18697059e-07  7.56242366e-16
 20.010000  2.90137596e-15  2.60104845e-14  3.65993089e-09  1.15700181e-07  7.25344114e-16
 20.070000  2.78295838e-15  2.48610491e-14  3.57604076e-09  1.12776668e-07  6.95739711e-16
 20.130000  2.66949050e-15  2.37609576e-14  3.49436146e-09  1.09924653e-07  6.67372735e-16
 20.190000  2.56075695e-15  2.27081049e-14  3.41482810e-09  1.07142318e-07  6.40189340e-16
 20.250000  2.45655218e-15  2.17004775e-14  3.33737791e-09  1.04427896e-07  6.14138142e-16
 20.310000  2.35668001e-15  2.07361486e-14  3.26195010e-09  1.01779670e-07  5.89170093e-16
 20.370000  2.26095315e-15  1.98132749e-14  3.18848588e-09  9.91959677e-08  5.65238374e-16
 20.430000  2.16919282e-15  1.89300924e-14  3.11692828e-09  9.66751638e-08  5.42298286e-16
 20.490000  2.08122830e-15  1.80849131e-14  3.04722219e-09  9.42156769e-08  5.20307150e-16
 20.550000  1.99689656e-15  1.72761216e-14  2.97931422e-09  9.18159687e-08  4.99224213e-16
 20.610000  1.91604194e-15  1.65021721e-14  2.91315270e-09  8.94745425e-08  4.79010552e-16
 20.670000  1.83851572e-15  1.57615849e-14  2.84868756e-09  8.71899422e-08  4.59628994e-16
 20.730000  1.76417587e-15  1.50529438e-14  2.78587033e-09  8.49607509e-08  4.41044026e-16
 20.790000  1.69288668e-15  1.43748930e-14  2.72465406e-09  8.27855898e-08  4.23221726e-16
 20.850000  1.62451850e-15  1.37261350e-14  2.66499325e-09  8.06631172e-08  4.06129678e-16
 20.910000  1.55894745e-15  1.31054274e-14  2.60684384e-09  7.85920272e-08  3.89736911e-16
 20.970000  1.49605512e-15  1.25115810e-14  2.55016314e-09  7.65710489e-08  3.74013827e-16
 21.030000  1.43572837e-15  1.19434571e-14  2.49490978e-09  7.45989452e-08  3.58932135e-16
 21.090000  1.37785902e-15  1.13999656e-14  2.44104367e-09  7.26745120e-08  3.44464797e-16
 21.150000  1.32234370e-15  1.08800626e-14  2.38852595e-09  7.07965769e-08  3.30585963e-16
 21.210000  1.26908353e-15  1.03827485e-14  2.33731898e-09  6.89639987e-08  3.17270919e-16
 21.270000  1.21798401e-15  9.90706634e-15  2.28738625e-09  6.71756664e-08  3.04496038e-16
 21.330000  1.16895476e-15  9.45209950e-15  2.23869237e-09  6.54304980e-08  2.92238722e-16
 21.390000  1.12190934e-15  9.01697025e-15  2.19120306e-09  6.37274402e-08  2.80477364e-16
 21.450000  1.07676507e-15  8.60083796e-15  2.14488504e-09  6.20654671e-08  2.69191296e-16
 21.510000  1.03344288e-15  8.20289756e-15  2.09970607e-09  6.04435796e-08  2.58360747e-16
 21.570000  9.91867127e-16  7.82237796e-15  2.05563487e-09  5.88608050e-08  2.47966807e-16
 21.630000  9.51965429e-16  7.45854061e-15  2.01264112e-09  5.73161955e-08  2.37991381e-16
 21.690000  9.13668541e-16  7.11067808e-15  1.97069540e-09  5.58088281e-08  2.28417157e-16
 21.750000  8.76910196e-16  6.77811278e-15  1.92976917e-09  5.43378038e-08  2.19227570e-16
 21.810000  8.41626980e-16  6.46019560e-15  1.88983475e-09  5.29022468e-08  2.10406765e-16
 21.870000  8.07758199e-16  6.15630477e-15  1.85086529e-09  5.15013037e-08  2.01939568e-16
 21.930000  7.75245756e-16  5.86584465e-15  1.81283474e-09  5.01341433e-08  1.93811456e-16
 21.990000  7.44034039e-16  5.58824461e-15  1.77571782e-09  4.87999556e-08  1.86008526e-16
 22.050000  7.14069806e-16  5.32295800e-15  1.73948999e-09  4.74979514e-08  1.78517467e-16
 22.110000  6.85302082e-16  5.06946109e-15  1.70412745e-09  4.62273617e-08  1.71325535e-16
 22.170000  6.57682054e-16  4.82725213e-15  1.66960709e-09  4.49874372e-08  1.64420527e-16
 22.230000  6.31162981e-16  4.59585039e-15  1.63590648e-09  4.37774474e-08  1.57790758e-16
 22.290000  6.05700097e-16  4.37479531e-15  1.60300385e-09  4.25966806e-08  1.51425036e-16
 22.350000  5.81250526e-16  4.16364558e-15  1.57087806e-09  4.14444430e-08  1.45312643e-16
 22.410000  5.57773199e-16  3.96197839e-15  1.53950860e-09  4.03200585e-08  1.39443310e-16
 22.470000  5.35228772e-16  3.76938862e-15  1.50887554e-09  3.92228679e-08  1.33807203e-16
 22.530000  5.13579553e-16  3.58548810e-15  1.47895954e-09  3.81522286e-08  1.28394897e-16
 22.590000  4.92789428e-16  3.40990489e-15  1.44974182e-09  3.71075143e-08  1.23197366e-16
 22.650000  4.72823794e-16  3.24228260e-15  1.42120411e-09  3.60881143e-08  1.18205957e-16
 22.710000  4.53649490e-16  3.08227975e-15  1.39332871e-09  3.50934331e-08  1.13412380e-16
 22.770000  4.35234736e-16  2.92956912e-15  1.36609840e-09  3.41228902e-08  1.08808691e-16
 22.830000  4.17549073e-16  2.78383718e-15  1.33949646e-09  3.31759195e-08  1.04387275e-16
 22.890000  4.00563306e-16  2.64478347e-15  1.31350664e-09  3.22519691e-08  1.00140833e-16
 22.950000  3.84249447e-16  2.51212013e-15  1.28811318e-09  3.13505005e-08  9.60623677e-17
 23.010000  3.68580667e-16  2.38557129e-15  1.26330072e-09  3.04709889e-08  9.21451723e-17
 23.070000  3.53531243e-16  2.26487263e-15  1.23905437e-09  2.96129222e-08  8.83828158e-17
 23.130000  3.39076509e-16  2.14977085e-15  1.21535966e-09  2.87758010e-08  8.47691320e-17
 23.190000  3.25192816e-16  2.04002327e-15  1.19220251e-09  2.79591383e-08  8.12982085e-17
 23.250000  3.11857483e-16  1.93539733e-15  1.16956924e-09  2.71624589e-08  7.79643750e-17
 23.310000  2.99048760e-16  1.83567019e-15  1.14744657e-09  2.63852994e-08  7.47621939e-17
 23.370000  2.86745784e-16  1.74062834e-15  1.12582156e-09  2.56272075e-08  7.16864496e-17
 23.430000  2.74928544e-16  1.65006721e-15  1.10468165e-09  2.48877423e-08  6.87321394e-17
 23.490000  2.63577845e-16  1.56379075e-15  1.08401464e-09  2.41664733e-08  6.58944645e-17
 23.550000  2.52675273e-16  1.48161117e-15  1.06380865e-09  2.34629807e-08  6.31688213e-17
 23.610000  2.42203160e-16  1.40334849e-15  1.04405213e-09  2.27768548e-08  6.05507928e-17
 23.670000  2.32144555e-16  1.32883032e-15  1.02473386e-09  2.21076959e-08  5.80361414e-17
 23.730000  2.22483193e-16  1.25789145e-15  1.00584291e-09  2.14551137e-08  5.56208008e-17
 23.790000  2.13203466e-16  1.19037364e-15  9.87368672e-10  2.08187278e-08  5.33008689e-17
 23.850000  2.04290396e-16  1.12612527e-15  9.69300809e-10  2.01981664e-08  5.10726011e-17
 23.910000  1.95729606e-16  1.06500108e-15  9.51629277e-10  1.95930671e-08  4.89324034e-17
 23.970000  1.87507299e-16  1.00686194e-15  9.34344304e-10  1.90030761e-08  4.68768266e-17
 24.030000  1.79610231e-16  9.51574543e-16  9.17436381e-10  1.84278478e-08  4.49025594e-17
 24.090000  1.72025688e-16  8.99011215e-16  9.00896259e-10  1.78670451e-08  4.30064238e-17
 24.150000  1.64741467e-16  8.49049651e-16  8.84714938e-10  1.73203391e-08  4.11853684e-17
 24.210000  1.57745850e-16  8.01572709e-16  8.68883661e-10  1.67874083e-08  3.94364640e-17
 24.270000  1.51027587e-16  7.56468191e-16  8.53393906e-10  1.62679392e-08  3.77568981e-17
 24.330000  1.44575876e-16  7.13628638e-16  8.38237380e-10  1.57616256e-08  3.61439703e-17
 24.390000  1.38380345e-16  6.72951142e-16  8.23406011e-10  1.52681687e-08  3.45950875e-17
 24.450000  1.32431034e-16  6.34337151e-16  8.08891945e-10  1.47872765e-08  3.31077596e-17
 24.510000  1.26718376e-16  5.97692295e-16  7.94687533e-10  1.43186641e-08  3.16795951e-17
 24.570000  1.21233185e-16  5.62926213e-16  7.80785334e-10  1.38620533e-08  3.03082973e-17
 24.630000  1.15966637e-16  5.29952385e-16  7.67178100e-10  1.34171723e-08  2.89916602e-17
 24.690000  1.10910257e-16  4.98687977e-16  7.53858777e-10  1.29837560e-08  2.77275649e-17
 24.750000  1.06055902e-16  4.69053689e-16  7.40820497e-10  1.25615450e-08  2.65139762e-17
 24.810000  1.01395752e-16  4.40973610e-16  7.28056572e-10  1.21502866e-08  2.53489386e-17
 24.870000  9.69222929e-17  4.14375078e-16  7.15560488e-10  1.17497335e-08  2.42305739e-17
 24.930000  9.26283067e-17  3.89188545e-16  7.03325905e-10  1.13596443e-08  2.31570773e-17
 24.990000  8.85068574e-17  3.65347452e-16  6.91346645e-10  1.09797834e-08  2.21267149e-17
 25.050000  8.45512808e-17  3.42788106e-16  6.79616693e-10  1.06099205e-08  2.11378207e-17
 25.110000  8.07551734e-17  3.21449557e-16  6.68130191e-10  1.02498307e-08  2.01887938e-17
 25.170000  7.71123816e-17  3.01273493e-16  6.56881430e-10  9.89929427e-09  1.92780958e-17
 25.230000  7.36169917e-17  2.82204125e-16  6.45864852e-10  9.55809665e-09  1.84042483e-17
 25.290000  7.02633206e-17  2.64188087e-16  6.35075040e-10  9.22602815e-09  1.75658305e-17
 25.350000  6.70459060e-17  2.47174334e-16  6.24506717e-10  8.90288395e-09  1.67614769e-17
 25.410000  6.39594980e-17  2.31114048e-16  6.14154743e-10  8.58846396e-09  1.59898748e-17
 25.470000  6.09990502e-17  2.15960546e-16  6.04014106e-10  8.28257265e-09  1.52497629e-17
 25.530000  5.81597122e-17  2.01669192e-16  5.94079927e-10  7.98501902e-09  1.45399283e-17
 25.590000  5.54368210e-17  1.88197311e-16  5.84347447e-10  7.69561641e-09  1.38592055e-17
 25.650000  5.28258941e-17  1.75504111e-16  5.74812031e-10  7.41418245e-09  1.32064738e-17
 25.710000  5.03226221e-17  1.63550604e-16  5.65469160e-10  7.14053893e-09  1.25806557e-17
 25.770000  4.79228619e-17  1.52299530e-16  5.56314430e-10  6.87451171e-09  1.19807157e-17
 25.830000  4.56226300e-17  1.41715290e-16  5.47343548e-10  6.61593060e-09  1.14056577e-17
 25.890000  4.34180965e-17  1.31763870e-16  5.38552330e-10  6.36462929e-09  1.08545243e-17
 25.950000  4.13055786e-17  1.22412784e-16  5.29936696e-10  6.12044526e-09  1.03263948e-17
 26.010000  3.92815350e-17  1.13631004e-16  5.21492669e-10  5.88321964e-09  9.82038390e-18
 26.070000  3.73425604e-17  1.05388903e-16  5.13216371e-10  5.65279719e-09  9.33564024e-18
 26.130000  3.54853801e-17  9.76581962e-17  5.05104021e-10  5.42902615e-09  8.87134515e-18
 26.190000  3.37068447e-17  9.04118856e-17  4.97151932e-10  5.21175821e-09  8.42671129e-18
 26.250000  3.20039256e-17  8.36242051e-17  4.89356510e-10  5.00084839e-09  8.00098149e-18
 26.310000  3.03737097e-17  7.72705707e-17  4.81714248e-10  4.79615496e-09  7.59342751e-18
 26.370000  2.88133953e-17  7.13275310e-17  4.74221727e-10  4.59753941e-09  7.20334891e-18
 26.430000  2.73202878e-17  6.57727194e-17  4.66875612e-10  4.40486630e-09  6.83007203e-18
 26.490000  2.58917952e-17  6.05848095e-17  4.59672650e-10  4.21800325e-09  6.47294888e-18
 26.550000  2.45254243e-17  5.57434712e-17  4.52609669e-10  4.03682084e-09  6.13135614e-18
 26.610000  2.32187768e-17  5.12293292e-17  4.45683572e-10  3.86119252e-09  5.80469426e-18
 26.670000  2.19695457e-17  4.70239229e-17  4.38891341e-10  3.69099459e-09  5.49238648e-18
 26.730000  2.07755117e-17  4.31096679e-17  4.32230029e-10  3.52610610e-09  5.19387797e-18
 26.790000  1.96345397e-17  3.94698192e-17  4.25696762e-10  3.36640879e-09  4.90863496e-18
 26.850000  1.85445758e-17  3.60884361e-17  4.19288736e-10  3.21178702e-09  4.63614398e-18
 26.910000  1.75036438e-17  3.29503480e-17  4.13003215e-10  3.06212773e-09  4.37591099e-18
 26.970000  1.65098428e-17  3.00411217e-17  4.06837528e-10  2.91732036e-09  4.12746072e-18
 27.030000  1.55613434e-17  2.73470306e-17  4.00789068e-10  2.77725681e-09  3.89033589e-18
 27.090000  1.46563860e-17  2.48550243e-17  3.94855294e-10  2.64183134e-09  3.66409651e-18
 27.150000  1.37932770e-17  2.25527001e-17  3.89033722e-10  2.51094059e-09  3.44831928e-18
 27.210000  1.29703875e-17  2.04282755e-17  3.83321930e-10  2.38448343e-09  3.24259689e-18
 27.270000  1.21861495e-17  1.84705613e-17  3.77717554e-10  2.26236100e-09  3.04653740e-18
 27.330000  1.14390548e-17  1.66689364e-17  3.72218284e-10  2.14447660e-09  2.85976372e-18
 27.390000  1.07276518e-17  1.50133238e-17  3.66821867e-10  2.03073564e-09  2.68191298e-18
 27.450000  1.00505439e-17  1.34941665e-17  3.61526103e-10  1.92104564e-09  2.51263599e-18
 27.510000  9.40638697e-18  1.21024056e-17  3.56328844e-10  1.81531610e-09  2.35159675e-18
 27.570000  8.79388774e-18  1.08294585e-17  3.51227994e-10  1.71345856e-09  2.19847194e-18
 27.630000  8.21180164e-18  9.66719848e-18  3.46221504e-10  1.61538644e-09  2.05295042e-18
 27.690000  7.65893099e-18  8.60793450e-18  3.41307374e-10  1.52101508e-09  1.91473276e-18
 27.750000  7.13412326e-18  7.64439253e-18  3.36483653e-10  1.43026168e-09  1.78353082e-18
 27.810000  6.63626931e-18  6.76969714e-18  3.31748434e-10  1.34304521e-09  1.65906733e-18
 27.870000  6.16430175e-18  5.97735406e-18  3.27099854e-10  1.25928642e-09  1.54107544e-18
 27.930000  5.71719340e-18  5.26123332e-18  3.22536094e-10  1.17890781e-09  1.42929835e-18
 27.990000  5.29395572e-18  4.61555319e-18  3.18055378e-10  1.10183352e-09  1.32348893e-18
 28.050000  4.89363738e-18  4.03486471e-18  3.13655970e-10  1.02798937e-09  1.22340935e-18
 28.110000  4.51532285e-18  3.51403689e-18  3.09336176e-10  9.57302763e-10  1.12883072e-18
 28.170000  4.15813105e-18  3.04824244e-18  3.05094340e-10  8.89702695e-10  1.03953277e-18
 28.230000  3.82121403e-18  2.63294420e-18  3.00928843e-10  8.25119688e-10  9.55303510e-19
 28.290000  3.50375577e-18  2.26388199e-18  2.96838107e-10  7.63485767e-10  8.75938944e-19
 28.350000  3.20497092e-18  1.93706012e-18  2.92820585e-10  7.04734427e-10  8.01242732e-19
 28.410000  2.92410372e-18  1.64873534e-18  2.88874770e-10  6.48800596e-10  7.31025931e-19
 28.470000  2.66042681e-18  1.39540527e-18  2.84999188e-10  5.95620605e-10  6.65106703e-19
 28.530000  2.41324022e-18  1.17379739e-18  2.81192397e-10  5.45132154e-10  6.03310057e-19
 28.590000  2.18187034e-18  9.80858400e-19  2.77452990e-10  4.97274287e-10  5.45467587e-19
 28.650000  1.96566891e-18  8.13744038e-19  2.73779591e-10  4.51987354e-10  4.91417228e-19
 28.710000  1.76401207e-18  6.69809347e-19  2.70170855e-10  4.09212989e-10  4.41003018e-19
 28.770000  1.57629948e-18  5.46599312e-19  2.66625468e-10  3.68894075e-10  3.94074871e-19
 28.830000  1.40195341e-18  4.41839900e-19  2.63142146e-10  3.30974721e-10  3.50488354e-19
 28.890000  1.24041792e-18  3.53429461e-19  2.59719633e-10  2.95400233e-10  3.10104481e-19
 28.950000  1.09115803e-18  2.79430492e-19  2.56356702e-10  2.62117086e-10  2.72789508e-19
 29.010000  9.53658933e-19  2.18061747e-19  2.53052152e-10  2.31072901e-10  2.38414733e-19
 29.070000  8.27425271e-19  1.67690660e-19  2.49804810e-10  2.02216415e-10  2.06856318e-19
 29.130000  7.11980391e-19  1.26826104e-19  2.46613530e-10  1.75497463e-10  1.77995098e-19
 29.190000  6.06865651e-19  9.41114331e-20  2.43477191e-10  1.50866946e-10  1.51716413e-19
 29.250000  5.11639757e-19  6.83178311e-20  2.40394695e-10  1.28276814e-10  1.27909939e-19
 29.310000  4.25878112e-19  4.83379295e-20  2.37364972e-10  1.07680039e-10  1.06469528e-19
 29.370000  3.49172202e-19  3.31796979e-20  2.34386972e-10  8.90305936e-11  8.72930504e-20
 29.430000  2.81128994e-19  2.19605904e-20  2.31459671e-10  7.22834288e-11  7.02822485e-20
 29.490000  2.21370366e-19  1.39019393e-20  2.28582066e-10  5.73944532e-11  5.53425916e-20
 29.550000  1.69532553e-19  8.32358646e-21  2.25753177e-10  4.43205115e-11  4.23831383e-20
 29.610000  1.25265614e-19  4.63874195e-21  2.22972044e-10  3.30193638e-11  3.13164036e-20
 29.670000  8.82329216e-20  2.34906160e-21  2.20237730e-10  2.34496658e-11  2.20582304e-20
 29.730000  5.81106684e-20  1.03993455e-21  2.17549317e-10  1.55709495e-11  1.45276671e-20
 29.790000  3.45873934e-20  3.75972264e-22  2.14905907e-10  9.34360353e-12  8.64684835e-21
 29.850000  1.73635253e-20  9.66911308e-23  2.12306624e-10  4.72885487e-12  4.34088133e-21
 29.910000  6.15094278e-21  1.23808322e-23  2.09750608e-10  1.68875056e-12  1.53773570e-21
 29.970000  6.72551384e-22  1.51021265e-25  2.07237019e-10  1.86139829e-13  1.68137846e-22
