# lambda=1e+06 e=4.0000 rho(0)=0.9999599105
# r  f(r)  rho(r)
0.00000000e+00  3.141592653590e+00  9.999599104939e-01
1.00000000e-01  2.579351396933e+00  9.993326231040e-01
2.00000000e-01  2.060170657666e+00  9.996425267810e-01
3.00000000e-01  1.607502795912e+00  9.998533274217e-01
4.00000000e-01  1.228141443557e+00  9.999485245521e-01
5.00000000e-01  9.242372056932e-01  9.999832827643e-01
6.00000000e-01  6.946382873486e-01  9.999944715758e-01
7.00000000e-01  5.292897307603e-01  9.999979539152e-01
8.00000000e-01  4.121248796743e-01  9.999991287197e-01
9.00000000e-01  3.282978202008e-01  9.999995824234e-01
1.00000000e+00  2.670396465663e-01  9.999997811801e-01
1.10000000e+00  2.211989488819e-01  9.999998772881e-01
1.20000000e+00  1.861111964547e-01  9.999999274104e-01
1.30000000e+00  1.587019514493e-01  9.999999551504e-01
1.40000000e+00  1.369028087977e-01  9.999999712623e-01
1.50000000e+00  1.192897563586e-01  9.999999810052e-01
1.60000000e+00  1.048600125570e-01  9.999999871028e-01
1.70000000e+00  9.289238440618e-02  9.999999910343e-01
1.80000000e+00  8.285811342029e-02  9.999999936363e-01
1.90000000e+00  7.436270646338e-02  9.999999953986e-01
2.00000000e+00  6.710716275791e-02  9.999999966171e-01
2.10000000e+00  6.086160042628e-02  9.999999974753e-01
2.20000000e+00  5.544697544298e-02  9.999999980900e-01
2.30000000e+00  5.072218708395e-02  9.999999985370e-01
2.40000000e+00  4.657483558066e-02  9.999999988666e-01
2.50000000e+00  4.291449898142e-02  9.999999991128e-01
2.60000000e+00  3.966777559499e-02  9.999999992988e-01
2.70000000e+00  3.677458222041e-02  9.999999994408e-01
2.80000000e+00  3.418535784904e-02  9.999999995504e-01
2.90000000e+00  3.185892856974e-02  9.999999996358e-01
3.00000000e+00  2.976086101730e-02  9.999999997028e-01
3.10000000e+00  2.786218076253e-02  9.999999997559e-01
3.20000000e+00  2.613836610865e-02  9.999999997982e-01
3.30000000e+00  2.456855171433e-02  9.999999998322e-01
3.40000000e+00  2.313489351105e-02  9.999999998597e-01
3.50000000e+00  2.182205864774e-02  9.999999998821e-01
3.60000000e+00  2.061681311400e-02  9.999999999005e-01
3.70000000e+00  1.950768624072e-02  9.999999999155e-01
3.80000000e+00  1.848469612911e-02  9.999999999280e-01
3.90000000e+00  1.753912368606e-02  9.999999999384e-01
4.00000000e+00  1.666332567697e-02  9.999999999471e-01
4.10000000e+00  1.585057928372e-02  9.999999999544e-01
4.20000000e+00  1.509495224383e-02  9.999999999605e-01
4.30000000e+00  1.439119387082e-02  9.999999999657e-01
4.40000000e+00  1.373464320547e-02  9.999999999701e-01
4.50000000e+00  1.312115128838e-02  9.999999999739e-01
4.60000000e+00  1.254701512632e-02  9.999999999771e-01
4.70000000e+00  1.200892138434e-02  9.999999999799e-01
4.80000000e+00  1.150389820050e-02  9.999999999823e-01
4.90000000e+00  1.102927381120e-02  9.999999999843e-01
5.00000000e+00  1.058264090905e-02  9.999999999861e-01
5.10000000e+00  1.016182584303e-02  9.999999999877e-01
5.20000000e+00  9.764861923716e-03  9.999999999890e-01
5.30000000e+00  9.389966219799e-03  9.999999999902e-01
5.40000000e+00  9.035519333825e-03  9.999999999913e-01
5.50000000e+00  8.700047727820e-03  9.999999999922e-01
5.60000000e+00  8.382208237926e-03  9.999999999930e-01
5.70000000e+00  8.080774473611e-03  9.999999999937e-01
5.80000000e+00  7.794624843840e-03  9.999999999943e-01
5.90000000e+00  7.522731991508e-03  9.999999999949e-01
6.00000000e+00  7.264153450014e-03  9.999999999954e-01
6.10000000e+00  7.018023363024e-03  9.999999999958e-01
6.20000000e+00  6.783545131388e-03  9.999999999962e-01
6.30000000e+00  6.559984870441e-03  9.999999999965e-01
6.40000000e+00  6.346665577195e-03  9.999999999968e-01
6.50000000e+00  6.142961920748e-03  9.999999999971e-01
6.60000000e+00  5.948295580956e-03  9.999999999974e-01
6.70000000e+00  5.762131070400e-03  9.999999999976e-01
6.80000000e+00  5.583971983219e-03  9.999999999978e-01
6.90000000e+00  5.413357621696e-03  9.999999999980e-01
7.00000000e+00  5.249859957716e-03  9.999999999982e-01
7.10000000e+00  5.093080891669e-03  9.999999999983e-01
7.20000000e+00  4.942649775949e-03  9.999999999984e-01
7.30000000e+00  4.798221174283e-03  9.999999999986e-01
7.40000000e+00  4.659472831556e-03  9.999999999987e-01
7.50000000e+00  4.526103831831e-03  9.999999999988e-01
7.60000000e+00  4.397832924898e-03  9.999999999989e-01
7.70000000e+00  4.274397003944e-03  9.999999999990e-01
7.80000000e+00  4.155549718964e-03  9.999999999990e-01
7.90000000e+00  4.041060212232e-03  9.999999999991e-01
8.00000000e+00  3.930711963727e-03  9.999999999992e-01
8.10000000e+00  3.824301735707e-03  9.999999999992e-01
8.20000000e+00  3.721638606826e-03  9.999999999993e-01
8.30000000e+00  3.622543087211e-03  9.999999999993e-01
8.40000000e+00  3.526846306838e-03  9.999999999994e-01
8.50000000e+00  3.434389270353e-03  9.999999999994e-01
8.60000000e+00  3.345022172185e-03  9.999999999995e-01
8.70000000e+00  3.258603766445e-03  9.999999999995e-01
8.80000000e+00  3.175000786664e-03  9.999999999995e-01
8.90000000e+00  3.094087410899e-03  9.999999999996e-01
9.00000000e+00  3.015744768219e-03  9.999999999996e-01
9.10000000e+00  2.939860482937e-03  9.999999999996e-01
9.20000000e+00  2.866328253328e-03  9.999999999996e-01
9.30000000e+00  2.795047461890e-03  9.999999999997e-01
9.40000000e+00  2.725922814464e-03  9.999999999997e-01
9.50000000e+00  2.658864005811e-03  9.999999999997e-01
9.60000000e+00  2.593785409439e-03  9.999999999997e-01
9.70000000e+00  2.530605789705e-03  9.999999999997e-01
9.80000000e+00  2.469248034366e-03  9.999999999998e-01
9.90000000e+00  2.409638905950e-03  9.999999999998e-01
1.00000000e+01  2.351708810443e-03  9.999999999998e-01
1.01000000e+01  2.295391581924e-03  9.999999999998e-01
1.02000000e+01  2.240624281908e-03  9.999999999998e-01
1.03000000e+01  2.187347012264e-03  9.999999999998e-01
1.04000000e+01  2.135502740654e-03  9.999999999998e-01
1.05000000e+01  2.085037137565e-03  9.999999999998e-01
1.06000000e+01  2.035898424039e-03  9.999999999998e-01
1.07000000e+01  1.988037229332e-03  9.999999999999e-01
1.08000000e+01  1.941406457742e-03  9.999999999999e-01
1.09000000e+01  1.895961163961e-03  9.999999999999e-01
1.10000000e+01  1.851658436311e-03  9.999999999999e-01
1.11000000e+01  1.808457287326e-03  9.999999999999e-01
1.12000000e+01  1.766318551125e-03  9.999999999999e-01
1.13000000e+01  1.725204787122e-03  9.999999999999e-01
1.14000000e+01  1.685080189628e-03  9.999999999999e-01
1.15000000e+01  1.645910502918e-03  9.999999999999e-01
1.16000000e+01  1.607662941414e-03  9.999999999999e-01
1.17000000e+01  1.570306114614e-03  9.999999999999e-01
1.18000000e+01  1.533809956458e-03  9.999999999999e-01
1.19000000e+01  1.498145658836e-03  9.999999999999e-01
1.20000000e+01  1.463285608948e-03  9.999999999999e-01
1.21000000e+01  1.429203330285e-03  9.999999999999e-01
1.22000000e+01  1.395873426971e-03  9.999999999999e-01
1.23000000e+01  1.363271531269e-03  9.999999999999e-01
1.24000000e+01  1.331374254031e-03  9.999999999999e-01
1.25000000e+01  1.300159137919e-03  9.999999999999e-01
1.26000000e+01  1.269604613203e-03  9.999999999999e-01
1.27000000e+01  1.239689956001e-03  9.999999999999e-01
1.28000000e+01  1.210395248780e-03  9.999999999999e-01
1.29000000e+01  1.181701343001e-03  1.000000000000e+00
1.30000000e+01  1.153589823760e-03  1.000000000000e+00
1.31000000e+01  1.126042976320e-03  1.000000000000e+00
1.32000000e+01  1.099043754405e-03  1.000000000000e+00
1.33000000e+01  1.072575750157e-03  1.000000000000e+00
1.34000000e+01  1.046623165658e-03  1.000000000000e+00
1.35000000e+01  1.021170785920e-03  1.000000000000e+00
1.36000000e+01  9.962039532683e-04  1.000000000000e+00
1.37000000e+01  9.717085430176e-04  1.000000000000e+00
1.38000000e+01  9.476709403859e-04  1.000000000000e+00
1.39000000e+01  9.240780185629e-04  1.000000000000e+00
1.40000000e+01  9.009171178721e-04  1.000000000000e+00
1.41000000e+01  8.781760259637e-04  1.000000000000e+00
1.42000000e+01  8.558429589805e-04  1.000000000000e+00
1.43000000e+01  8.339065436421e-04  1.000000000000e+00
1.44000000e+01  8.123558001976e-04  1.000000000000e+00
1.45000000e+01  7.911801261976e-04  1.000000000000e+00
1.46000000e+01  7.703692810424e-04  1.000000000000e+00
1.47000000e+01  7.499133712629e-04  1.000000000000e+00
1.48000000e+01  7.298028364955e-04  1.000000000000e+00
1.49000000e+01  7.100284361139e-04  1.000000000000e+00
1.50000000e+01  6.905812364822e-04  1.000000000000e+00
1.51000000e+01  6.714525987975e-04  1.000000000000e+00
1.52000000e+01  6.526341674897e-04  1.000000000000e+00
1.53000000e+01  6.341178591514e-04  1.000000000000e+00
1.54000000e+01  6.158958519683e-04  1.000000000000e+00
1.55000000e+01  5.979605756261e-04  1.000000000000e+00
1.56000000e+01  5.803047016684e-04  1.000000000000e+00
1.57000000e+01  5.629211342833e-04  1.000000000000e+00
1.58000000e+01  5.458030014970e-04  1.000000000000e+00
1.59000000e+01  5.289436467539e-04  1.000000000000e+00
1.60000000e+01  5.123366208631e-04  1.000000000000e+00
1.61000000e+01  4.959756742956e-04  1.000000000000e+00
1.62000000e+01  4.798547498116e-04  1.000000000000e+00
1.63000000e+01  4.639679754044e-04  1.000000000000e+00
1.64000000e+01  4.483096575445e-04  1.000000000000e+00
1.65000000e+01  4.328742747089e-04  1.000000000000e+00
1.66000000e+01  4.176564711832e-04  1.000000000000e+00
1.67000000e+01  4.026510511221e-04  1.000000000000e+00
1.68000000e+01  3.878529728568e-04  1.000000000000e+00
1.69000000e+01  3.732573434378e-04  1.000000000000e+00
1.70000000e+01  3.588594134013e-04  1.000000000000e+00
1.71000000e+01  3.446545717492e-04  1.000000000000e+00
1.72000000e+01  3.306383411334e-04  1.000000000000e+00
1.73000000e+01  3.168063732338e-04  1.000000000000e+00
1.74000000e+01  3.031544443219e-04  1.000000000000e+00
1.75000000e+01  2.896784510013e-04  1.000000000000e+00
1.76000000e+01  2.763744061173e-04  1.000000000000e+00
1.77000000e+01  2.632384348274e-04  1.000000000000e+00
1.78000000e+01  2.502667708265e-04  1.000000000000e+00
1.79000000e+01  2.374557527189e-04  1.000000000000e+00
1.80000000e+01  2.248018205309e-04  1.000000000000e+00
1.81000000e+01  2.123015123582e-04  1.000000000000e+00
1.82000000e+01  1.999514611418e-04  1.000000000000e+00
1.83000000e+01  1.877483915668e-04  1.000000000000e+00
1.84000000e+01  1.756891170787e-04  1.000000000000e+00
1.85000000e+01  1.637705370129e-04  1.000000000000e+00
1.86000000e+01  1.519896338313e-04  1.000000000000e+00
1.87000000e+01  1.403434704622e-04  1.000000000000e+00
1.88000000e+01  1.288291877392e-04  1.000000000000e+00
1.89000000e+01  1.174440019347e-04  1.000000000000e+00
1.90000000e+01  1.061852023837e-04  1.000000000000e+00
1.91000000e+01  9.505014919477e-05  1.000000000000e+00
1.92000000e+01  8.403627104421e-05  1.000000000000e+00
1.93000000e+01  7.314106304980e-05  1.000000000000e+00
1.94000000e+01  6.236208472138e-05  1.000000000000e+00
1.95000000e+01  5.169695798456e-05  1.000000000000e+00
1.96000000e+01  4.114336527496e-05  1.000000000000e+00
1.97000000e+01  3.069904769995e-05  1.000000000000e+00
1.98000000e+01  2.036180326524e-05  1.000000000000e+00
1.99000000e+01  1.012948516364e-05  1.000000000000e+00
2.00000000e+01  1.236440723349e-13  1.000000000000e+00
