# Soliton scattering: B+B̄, v=0.500, N=192, L=10.0, lambda=5000
# Columns: t  E_pot  E_kin  E_tot  Q  z1  z2  sep  E2  E4  EV
0.000000  217.437254  9.457192  226.894446  -0.000000  +1.0938  -1.0938  2.1875  100.0973  117.3399  0.0000
0.050000  215.574282  11.271501  226.845783  0.000000  +0.9896  -0.9896  1.9792  99.2405  115.5804  0.7533
0.100000  215.400281  11.586128  226.986409  -0.000000  +0.9896  -0.9896  1.9792  97.9925  112.2321  5.1756
0.150000  214.173142  12.664770  226.837912  0.000000  +0.8854  -0.8854  1.7708  97.0258  111.6618  5.4855
0.200000  211.624720  15.320623  226.945343  -0.000000  +0.8854  -0.8854  1.7708  96.4629  114.1484  1.0134
0.250000  211.583628  15.347382  226.931010  0.000000  +0.8854  -0.8854  1.7708  95.8112  115.7014  0.0710
0.300000  208.597427  18.247659  226.845086  0.000000  +0.8854  -0.8854  1.7708  94.6850  113.2609  0.6515
0.350000  207.394689  19.592992  226.987682  -0.000000  +0.8854  -0.8854  1.7708  93.3444  109.2682  4.7821
0.400000  206.103423  20.750196  226.853619  -0.000000  +0.7812  -0.7812  1.5625  92.3091  108.0374  5.7569
0.450000  203.277823  23.653514  226.931337  0.000000  +0.7812  -0.7812  1.5625  91.6525  110.0782  1.5471
0.500000  202.879278  24.066949  226.946227  0.000000  +0.7812  -0.7812  1.5625  90.9263  111.6250  0.3280
0.550000  199.693282  27.157008  226.850289  0.000000  +0.7812  -0.7812  1.5625  89.7662  109.2691  0.6580
0.600000  197.329161  29.658660  226.987821  -0.000000  +0.7812  -0.7812  1.5625  88.3701  104.6854  4.2736
0.650000  194.785797  32.101728  226.887525  0.000000  +0.6771  -0.6771  1.3542  87.1766  101.9246  5.6845
0.700000  189.968988  36.975390  226.944377  0.000000  +0.6771  -0.6771  1.3542  86.2325  101.7624  1.9741
0.750000  186.521779  40.459086  226.980865  0.000000  +0.6771  -0.6771  1.3542  85.1184  100.8936  0.5098
0.800000  179.969922  46.926708  226.896630  0.000000  +0.5729  -0.5729  1.1458  83.4901  96.0633  0.4166
0.850000  172.915602  54.104599  227.020201  -0.000000  +0.4688  -0.4688  0.9375  81.5107  88.4325  2.9724
0.900000  165.069170  61.888651  226.957821  0.000000  +0.0521  -0.0521  0.1042  79.5653  81.4317  4.0722
0.950000  154.578379  72.430570  227.008949  -0.000000  +0.0521  -0.0521  0.1042  77.6888  75.6965  1.1930
1.000000  144.729222  82.311654  227.040876  0.000000  +0.0521  -0.0521  0.1042  75.5184  68.7959  0.4149
1.050000  132.185314  94.770480  226.955794  -0.000000  +0.0521  -0.0521  0.1042  72.8112  59.1865  0.1876
1.100000  119.873218  107.172879  227.046097  0.000000  +0.0521  -0.0521  0.1042  69.8109  48.7790  1.2833
1.150000  108.787255  118.194398  226.981652  0.000000  +0.0521  -0.0521  0.1042  66.9508  40.1262  1.7103
1.200000  98.225957  128.785607  227.011564  -0.000000  +0.0521  -0.0521  0.1042  64.3861  33.4760  0.3639
1.250000  91.031723  135.966763  226.998486  0.000000  +0.0521  -0.0521  0.1042  62.0373  27.8464  1.1480
1.300000  83.635955  143.254688  226.890643  0.000000  +0.0521  -0.0521  0.1042  59.9670  22.9509  0.7180
1.350000  78.489786  148.470568  226.960353  -0.000000  +0.0521  -0.0521  0.1042  58.4731  19.2509  0.7658
1.400000  75.653943  151.241299  226.895241  -0.000000  +0.6771  -0.6771  1.3542  57.7972  16.8942  0.9625
1.450000  73.820315  153.114052  226.934367  -0.000000  +0.9896  -0.9896  1.9792  57.9081  15.5010  0.4112
1.500000  74.688147  152.224335  226.912482  0.000000  +1.1979  -1.1979  2.3958  58.5970  14.6329  1.4583
1.550000  74.484800  152.343087  226.827887  -0.000000  +1.5104  -1.5104  3.0208  59.6990  14.0978  0.6880
1.600000  75.844151  151.062864  226.907015  -0.000000  +1.8229  -1.8229  3.6458  61.1947  13.9157  0.7337
1.650000  78.164721  148.681303  226.846025  -0.000000  +1.9271  -1.9271  3.8542  63.1047  14.1162  0.9438
1.700000  80.350863  146.549227  226.900090  0.000000  +2.2396  -2.2396  4.4792  65.3211  14.5672  0.4625
1.750000  83.901389  142.976622  226.878011  0.000000  +2.3438  -2.3438  4.6875  67.6125  14.9780  1.3109
1.800000  85.486887  141.337617  226.824504  -0.000000  +2.4479  -2.4479  4.8958  69.8295  15.1493  0.5080
1.850000  88.124068  138.782571  226.906639  0.000000  +0.0521  -0.0521  0.1042  72.0361  15.1942  0.8937
1.900000  90.657671  136.182881  226.840552  -0.000000  +0.0521  -0.0521  0.1042  74.3469  15.3154  0.9953
1.950000  92.633257  134.270887  226.904144  -0.000000  +0.0521  -0.0521  0.1042  76.6987  15.4658  0.4687
2.000000  95.525163  131.348715  226.873879  -0.000000  +0.0521  -0.0521  0.1042  78.8983  15.4156  1.2112
2.050000  96.419662  130.423939  226.843601  0.000000  +0.0521  -0.0521  0.1042  80.8764  15.1014  0.4418
2.100000  98.520031  128.396635  226.916666  0.000000  +0.0521  -0.0521  0.1042  82.7658  14.7210  1.0332
2.150000  100.034005  126.810002  226.844007  -0.000000  +0.0521  -0.0521  0.1042  84.6834  14.4248  0.9258
2.200000  101.187975  125.727754  226.915729  -0.000000  +0.0521  -0.0521  0.1042  86.5540  14.1325  0.5015
2.250000  103.123394  123.748958  226.872351  0.000000  +0.0521  -0.0521  0.1042  88.2273  13.7016  1.1946
2.300000  103.258781  123.604064  226.862846  -0.000000  +0.0521  -0.0521  0.1042  89.6972  13.1494  0.4122
2.350000  104.832032  122.089053  226.921085  -0.000000  +0.0521  -0.0521  0.1042  91.1011  12.6147  1.1162
2.400000  105.483437  121.363816  226.847253  0.000000  +0.0521  -0.0521  0.1042  92.5152  12.1549  0.8134
2.450000  106.142874  120.782649  226.925523  0.000000  +0.0521  -0.0521  0.1042  93.8607  11.7023  0.5799
2.500000  107.405284  119.462912  226.868196  0.000000  +0.0521  -0.0521  0.1042  95.0371  11.1911  1.1771
2.550000  107.112575  119.766654  226.879229  -0.000000  +0.0521  -0.0521  0.1042  96.0702  10.6504  0.3920
2.600000  108.396661  118.522601  226.919263  -0.000000  +0.0521  -0.0521  0.1042  97.0685  10.1502  1.1779
2.650000  108.474954  118.375536  226.850491  0.000000  +0.0521  -0.0521  0.1042  98.0693  9.7033  0.7024
2.700000  108.951889  117.980189  226.932078  0.000000  +0.0521  -0.0521  0.1042  99.0041  9.2683  0.6795
2.750000  109.762989  117.099600  226.862589  0.000000  +0.0521  -0.0521  0.1042  99.8129  8.8183  1.1318
2.800000  109.296835  117.596596  226.893431  0.000000  +0.0521  -0.0521  0.1042  100.5304  8.3744  0.3920
2.850000  110.424654  116.488509  226.913164  -0.000000  +0.0521  -0.0521  0.1042  101.2320  7.9669  1.2258
2.900000  110.125229  116.729784  226.855013  -0.000000  +0.0521  -0.0521  0.1042  101.9300  7.5941  0.6011
2.950000  110.593361  116.342201  226.935561  -0.000000  +0.0521  -0.0521  0.1042  102.5723  7.2339  0.7872
3.000000  111.064455  115.792683  226.857138  -0.000000  +0.0521  -0.0521  0.1042  103.1266  6.8766  1.0613
3.050000  110.577354  116.328542  226.905897  -0.000000  +0.0521  -0.0521  0.1042  103.6259  6.5343  0.4172
3.100000  111.591200  115.313312  226.904512  -0.000000  +0.0521  -0.0521  0.1042  104.1184  6.2185  1.2543
3.150000  111.043161  115.818232  226.861393  0.000000  +0.0521  -0.0521  0.1042  104.6038  5.9251  0.5143
3.200000  111.584128  115.351969  226.936097  0.000000  +0.0521  -0.0521  0.1042  105.0454  5.6429  0.8958
3.250000  111.770111  115.082779  226.852889  -0.000000  +0.0521  -0.0521  0.1042  105.4282  5.3693  0.9726
3.300000  111.356111  115.560501  226.916612  -0.000000  +0.0521  -0.0521  0.1042  105.7792  5.1102  0.4667
3.350000  112.255800  114.638784  226.894584  0.000000  +0.0521  -0.0521  0.1042  106.1275  4.8692  1.2592
3.400000  111.556429  115.313128  226.869557  -0.000000  +0.0521  -0.0521  0.1042  106.4667  4.6428  0.4469
3.450000  112.197869  114.735945  226.933814  -0.000000  +0.0521  -0.0521  0.1042  106.7726  4.4262  0.9990
3.500000  112.131419  114.719090  226.850509  -0.000000  +0.0521  -0.0521  0.1042  107.0402  4.2185  0.8726
3.550000  111.849059  115.076342  226.925401  0.000000  +0.0521  -0.0521  0.1042  107.2896  4.0224  0.5371
3.600000  112.614599  114.269784  226.884383  0.000000  +0.0521  -0.0521  0.1042  107.5366  3.8385  1.2395
3.650000  111.841349  115.037769  226.879118  0.000000  +0.5729  -0.5729  1.1458  107.7738  3.6648  0.4027
3.700000  112.576535  114.352428  226.928963  0.000000  +0.0521  -0.0521  0.1042  107.9869  3.4991  1.0906
3.750000  112.285867  114.564493  226.850360  -0.000000  +0.0521  -0.0521  0.1042  108.1767  3.3411  0.7681
3.800000  112.173817  114.758157  226.931975  -0.000000  +0.0521  -0.0521  0.1042  108.3581  3.1917  0.6240
3.850000  112.786582  114.088015  226.874597  0.000000  +0.4688  -0.4688  0.9375  108.5395  3.0508  1.1963
3.900000  112.015510  114.873902  226.889413  0.000000  +0.9896  -0.9896  1.9792  108.7142  2.9174  0.3838
3.950000  112.829344  114.092458  226.921802  0.000000  +0.9896  -0.9896  1.9792  108.8742  2.7903  1.1649
4.000000  112.355543  114.496972  226.852515  -0.000000  +0.0521  -0.0521  0.1042  109.0205  2.6694  0.6656
4.050000  112.438304  114.497812  226.936116  -0.000000  +0.0521  -0.0521  0.1042  109.1607  2.5550  0.7226
4.100000  112.874913  113.991073  226.865986  -0.000000  +1.6146  -1.6146  3.2292  109.2961  2.4467  1.1321
4.150000  112.154122  114.745971  226.900093  0.000000  +1.3021  -1.3021  2.6042  109.4195  2.3438  0.3908
4.200000  112.988211  113.924973  226.913184  0.000000  +1.0938  -1.0938  2.1875  109.5249  2.2457  1.2176
4.250000  112.337092  114.520274  226.857366  0.000000  +0.0521  -0.0521  0.1042  109.6133  2.1520  0.5717
4.300000  112.578915  114.359198  226.938113  -0.000000  +1.9271  -1.9271  3.8542  109.6891  2.0628  0.8270
4.350000  112.781397  114.078025  226.859422  -0.000000  +1.7188  -1.7188  3.4375  109.7535  1.9776  1.0503
4.400000  112.123988  114.786719  226.910707  0.000000  +1.4062  -1.4062  2.8125  109.8051  1.8961  0.4228
4.450000  112.912367  113.991152  226.903519  -0.000000  +1.1979  -1.1979  2.3958  109.8481  1.8182  1.2460
4.500000  112.131239  114.732867  226.864106  -0.000000  +2.2396  -2.2396  4.4792  109.8946  1.7443  0.4924
4.550000  112.567046  114.369747  226.936793  -0.000000  +2.0312  -2.0312  4.0625  109.9610  1.6749  0.9311
4.600000  112.627071  114.226547  226.853618  0.000000  +1.7188  -1.7188  3.4375  110.0611  1.6106  0.9554
4.650000  112.231437  114.687075  226.918512  0.000000  +1.4062  -1.4062  2.8125  110.2024  1.5513  0.4777
4.700000  113.132672  113.758459  226.891130  -0.000000  +2.4479  -2.4479  4.8958  110.3869  1.4970  1.2488
4.750000  112.488532  114.381934  226.870465  -0.000000  +2.2396  -2.2396  4.4792  110.6094  1.4468  0.4324
4.800000  113.285575  113.645790  226.931364  0.000000  +2.0312  -2.0312  4.0625  110.8571  1.3997  1.0287
4.850000  113.318776  113.530770  226.849545  0.000000  +1.8229  -1.8229  3.6458  111.1113  1.3547  0.8527
4.900000  113.217055  113.708375  226.925430  -0.000000  +1.4062  -1.4062  2.8125  111.3536  1.3110  0.5524
4.950000  114.066972  112.813650  226.880623  -0.000000  +4.4271  -4.4271  8.8542  111.5727  1.2684  1.2259
5.000000  113.385567  113.495159  226.880726  0.000000  +2.3438  -2.3438  4.6875  111.7634  1.2269  0.3953
